0.3493229189471914
0.5028954912938257
0.5758349986066055
0.6439295184333657
0.6790076584422939
0.7057185197048912
0.7284472622404438
0.7380825266085239
0.7584113904714107
0.7681846870665492
0.7697819545425307
0.7884777057102491
0.798488414838533
0.7969904546346525
0.8045059187500284
0.8120762193336687
0.815820172304288
0.8196055026756133
0.8193263461849389
0.8251349177969102
0.8262661056644567
0.82868097789141
0.8353983376623303
0.8343904533211677
0.8385253481520604
0.8356571797455031
0.8395669539850895
0.8339405034695595
0.8413035987194044
0.8426672063001135
0.8484204707762601
0.8398047089195916
0.843691976067658
0.8395350870381847
0.8355998119194255
0.8378850586846296
0.8437479438338713
0.8486789227570065
0.8477192584276726
0.8500107241274162
