2026679.2822265625
606829.296875
453761.98046875
359632.71435546875
297375.078125
253584.6806640625
219217.96411132812
192964.2734375
169967.50317382812
152996.26489257812
138015.07568359375
126487.841796875
115654.65625
105403.66552734375
96307.90478515625
88141.51989746094
80709.80590820312
73857.03002929688
67742.39477539062
62910.36328125
1415032.0708007812
461864.03857421875
353979.8161621094
289195.75
244304.380859375
211690.25805664062
187575.99182128906
169636.41040039062
151739.93127441406
137171.6748046875
124756.94079589844
114762.83215332031
105620.67498779297
99662.6918334961
92542.36083984375
85824.50305175781
78485.2622680664
73038.28442382812
68811.75573730469
64383.076904296875
